100
99
45 46
18 19
47 48
72 73
74 75
44 45
88 89
26 25
11 12
79 80
69 70
83 84
87 88
94 95
83 82
36 35
57 56
3 4
39 40
96 95
41 40
27 28
37 36
6 5
93 92
63 62
50 51
60 59
71 72
99 98
100 99
37 38
1 100
54 53
13 12
8 7
30 31
43 42
24 25
65 64
13 14
33 34
65 66
92 91
81 82
15 16
32 31
4 5
76 77
97 98
35 34
68 69
78 79
28 29
7 6
63 64
29 30
61 60
68 67
73 74
52 51
80 81
2 3
16 17
39 38
33 32
71 70
87 86
90 89
14 15
54 55
61 62
94 93
46 47
86 85
26 27
84 85
10 11
58 59
41 42
20 19
78 77
17 18
90 91
24 23
96 97
57 58
75 76
43 44
21 22
67 66
20 21
9 10
53 52
9 8
49 48
23 22
56 55
50 49